0 50 500 3 -61
1 282 164 2 
1 282 201 2 
1 282 127 1 
1 335 164 2 
1 335 201 2 
1 335 127 1 
1 388 164 2 
1 388 201 2 
1 388 127 1 
1 441 164 2 
1 441 201 2 
1 441 127 1 
1 494 164 2 
1 494 201 2 
1 494 127 1 
1 547 164 2 
1 547 201 2 
1 547 127 1 
1 600 164 2 
1 600 201 2 
1 600 127 1 
1 653 164 2 
1 653 201 2 
1 653 127 1 
1 706 164 2 
1 706 201 2 
1 706 127 1 
2 229 90  0 177
2 282 90  0 216
2 335 90  0 279
2 388 90  0 80
2 441 90  0 358
2 494 90  0 72
2 547 90  0 769
2 600 90  0 151
2 653 90  0 330
2 706 90  0 324
4 266 400 2
4 622 400 2
5 800 10  0 52
6 65 70 c
6 454 450 a
8 15 300 a 2
3 0 2 0
7 210
