0 0 500 3 -47
1 164 164 2 
1 164 201 2 
1 164 127 1 
1 217 164 2 
1 217 201 2 
1 217 127 1 
1 270 164 2 
1 270 201 2 
1 270 127 1 
1 323 164 2 
1 323 201 2 
1 323 127 1 
1 376 164 2 
1 376 201 2 
1 376 127 1 
1 429 164 2 
1 429 201 2 
1 429 127 1 
1 482 164 2 
1 482 201 2 
1 482 127 1 
1 535 164 2 
1 535 201 2 
1 535 127 1 
1 588 164 2 
1 588 201 2 
1 588 127 1 
1 641 164 2 
1 641 201 2 
1 641 127 1 
2 164 90  0 347
2 217 90  0 558
2 270 90  0 44
2 323 90  0 419
2 376 90  0 436
2 429 90  0 481
2 482 90  0 430
2 535 90  0 434
2 588 90  0 581
2 641 90  0 44
4 266 400 1
4 444 400 2
4 622 400 2
4 88 400 2
5 700 10  1 35
6 250 310 a
6 621 310 a
8 0 220 1 a
3 1 2 1
7 170
